Elementos a insertar: Todos
Elementos a buscar: 1000

M: 4
[1, 2, 3, 4, 5, 6, 7, 8, 9, 10]
[1000, 1000, 1000, 1000, 1000, 1000, 1000, 1000, 1000, 1000]

M: 8
[1, 2, 3, 4, 5, 6, 7, 8, 9, 10]
[1000, 1000, 1000, 1000, 1000, 1000, 1000, 1000, 1000, 1000]

M: 16
[1, 2, 3, 4, 5, 6, 7, 8, 9, 10]
[1000, 1000, 1000, 1000, 1000, 1000, 1000, 1000, 1000, 1000]

M: 32
[1, 2, 3, 4, 5, 6, 7, 8, 9, 10]
[1000, 1000, 1000, 1000, 1000, 1000, 1000, 1000, 1000, 1000]

M: 64
[1, 2, 3, 4, 5, 6, 7, 8, 9, 10]
[1000, 1000, 1000, 1000, 1000, 1000, 1000, 1000, 1000, 1000]

M: 128
[1, 2, 3, 4, 5, 6, 7, 8, 9, 10]
[1000, 1000, 1000, 1000, 1000, 1000, 1000, 1000, 1000, 1000]

M: 256
[1, 2, 3, 4, 5, 6, 7, 8, 9, 10]
[1000, 1000, 1000, 1000, 1000, 1000, 1000, 1000, 1000, 1000]

M: 512
[1, 2, 3, 4, 5, 6, 7, 8, 9, 10]
[1000, 1000, 1000, 1000, 1000, 1000, 1000, 1000, 1000, 1000]

M: 1024
[1, 2, 3, 4, 5, 6, 7, 8, 9, 10]
[1000, 1000, 1000, 1000, 1000, 1000, 1000, 1000, 1000, 1000]

M: 2048
[1, 2, 3, 4, 5, 6, 7, 8, 9, 10]
[1000, 1000, 1000, 1000, 1000, 1000, 1000, 1000, 1000, 1000]

M: 4096
[1, 2, 3, 4, 5, 6, 7, 8, 9, 10]
[1000, 1000, 1000, 1000, 1000, 1000, 1000, 1000, 1000, 1000]

M: 8192
[1, 2, 3, 4, 5, 6, 7, 8, 9, 10]
[1000, 1000, 1000, 1000, 1000, 1000, 1000, 1000, 1000, 1000]

M: 16384
[1, 2, 3, 4, 5, 6, 7, 8, 9, 10]
[995, 1000, 1000, 1000, 1000, 1000, 1000, 1000, 1000, 1000]

M: 32768
[1, 2, 3, 4, 5, 6, 7, 8, 9, 10]
[946, 996, 999, 1000, 1000, 1000, 1000, 1000, 1000, 1000]

M: 65536
[1, 2, 3, 4, 5, 6, 7, 8, 9, 10]
[741, 845, 949, 981, 996, 998, 1000, 1000, 1000, 1000]

M: 131072
[1, 2, 3, 4, 5, 6, 7, 8, 9, 10]
[515, 573, 658, 757, 820, 889, 938, 963, 975, 990]

M: 262144
[1, 2, 3, 4, 5, 6, 7, 8, 9, 10]
[292, 261, 282, 274, 378, 414, 475, 545, 636, 690]

M: 524288
[1, 2, 3, 4, 5, 6, 7, 8, 9, 10]
[178, 113, 95, 87, 82, 94, 76, 111, 112, 129]

M: 1048576
[1, 2, 3, 4, 5, 6, 7, 8, 9, 10]
[102, 55, 37, 28, 33, 31, 29, 30, 27, 31]

M: 2097152
[1, 2, 3, 4, 5, 6, 7, 8, 9, 10]
[63, 32, 29, 26, 26, 26, 26, 26, 26, 26]

M: 4194304
[1, 2, 3, 4, 5, 6, 7, 8, 9, 10]
[57, 28, 26, 26, 26, 26, 26, 26, 26, 26]

M: 8388608
[1, 2, 3, 4, 5, 6, 7, 8, 9, 10]
[36, 26, 26, 26, 26, 26, 26, 26, 26, 26]

M: 16777216
[1, 2, 3, 4, 5, 6, 7, 8, 9, 10]
[31, 26, 26, 26, 26, 26, 26, 26, 26, 26]

M: 33554432
[1, 2, 3, 4, 5, 6, 7, 8, 9, 10]
[30, 26, 26, 26, 26, 26, 26, 26, 26, 26]

M: 67108864
[1, 2, 3, 4, 5, 6, 7, 8, 9, 10]
[26, 26, 26, 26, 26, 26, 26, 26, 26, 26]

M: 134217728
[1, 2, 3, 4, 5, 6, 7, 8, 9, 10]
[27, 26, 26, 26, 26, 26, 26, 26, 26, 26]

M: 268435456
[1, 2, 3, 4, 5, 6, 7, 8, 9, 10]
[26, 26, 26, 26, 26, 26, 26, 26, 26, 26]

M: 536870912
[1, 2, 3, 4, 5, 6, 7, 8, 9, 10]
[27, 26, 26, 26, 26, 26, 26, 26, 26, 26]

M: 1073741824
[1, 2, 3, 4, 5, 6, 7, 8, 9, 10]
[26, 26, 26, 26, 26, 26, 26, 26, 26, 26]

M: 2147483648
[1, 2, 3, 4, 5, 6, 7, 8, 9, 10]
[26, 26, 26, 26, 26, 26, 26, 26, 26, 26]

M: 4294967296
[1, 2, 3, 4, 5, 6, 7, 8, 9, 10]
[26, 26, 26, 26, 26, 26, 26, 26, 26, 26]

M: 8589934592
[1, 2, 3, 4, 5, 6, 7, 8, 9, 10]
[26, 26, 26, 26, 26, 26, 26, 26, 26, 26]