Pruebas insertarndo 1000 elementos y luego buscando 1000 que no estan en la tabla
Valores de k y resultados de falsos positivos.

# Caso1: Para este caso se aumento la M de forma cuadratica y el valor de k_i con i (0..10) k_i = m//(2**(10-i))

M = 1024
[1, 2, 4, 8, 16, 32, 64, 128, 256, 512]
[555, 711, 914, 1000, 1000, 1000, 1000, 1000, 1000, 1000]
M = 2048
[2, 4, 8, 16, 32, 64, 128, 256, 512, 1024]
[364, 570, 822, 1000, 1000, 1000, 1000, 1000, 1000, 1000]
M = 4096
[4, 8, 16, 32, 64, 128, 256, 512, 1024, 2048]
[154, 292, 661, 977, 1000, 1000, 1000, 1000, 1000, 1000]
M = 8192
[8, 16, 32, 64, 128, 256, 512, 1024, 2048, 4096]
[24, 73, 495, 953, 1000, 1000, 1000, 1000, 1000, 1000]
M = 16384
[16, 32, 64, 128, 256, 512, 1024, 2048, 4096, 8192]
[5, 7, 276, 940, 1000, 1000, 1000, 1000, 1000, 1000]
M = 32768
[32, 64, 128, 256, 512, 1024, 2048, 4096, 8192, 16384]
[4, 4, 42, 880, 1000, 1000, 1000, 1000, 1000, 1000]
M = 65536
[64, 128, 256, 512, 1024, 2048, 4096, 8192, 16384, 32768]
[4, 4, 9, 778, 1000, 1000, 1000, 1000, 1000, 1000]
M = 131072
[128, 256, 512, 1024, 2048, 4096, 8192, 16384, 32768, 65536]
[4, 4, 4, 676, 1000, 1000, 1000, 1000, 1000, 1000]
M = 262144
[256, 512, 1024, 2048, 4096, 8192, 16384, 32768, 65536, 131072]
[4, 4, 4, 366, 1000, 1000, 1000, 1000, 1000, 1000]
M = 524288
[512, 1024, 2048, 4096, 8192, 16384, 32768, 65536, 131072, 262144]
[4, 4, 4, 124, 983, 1000, 1000, 1000, 1000, 1000]
M = 1048576


# Caso2: Dado que los valores se mantenian bajos para valores de hasta m//2**64, ahora los k aumentaran de forma cuadratica hasta k < m//2**64

M = 1024
[2, 4, 8, 16]
[757, 908, 1000, 1000]
M = 2048
[2, 4, 8, 16, 32]
[371, 543, 826, 992, 1000]
M = 4096
[2, 4, 8, 16, 32, 64]
[152, 145, 300, 746, 965, 1000]
M = 8192
[2, 4, 8, 16, 32, 64, 128]
[48, 30, 31, 91, 451, 963, 1000]
M = 16384
[2, 4, 8, 16, 32, 64, 128, 256]
[18, 6, 5, 5, 10, 233, 955, 1000]
M = 32768
[2, 4, 8, 16, 32, 64, 128, 256, 512]
[7, 4, 4, 4, 4, 4, 65, 877, 1000]
M = 65536
[2, 4, 8, 16, 32, 64, 128, 256, 512, 1024]
[4, 4, 4, 4, 4, 4, 4, 4, 775, 1000]
M = 131072
[2, 4, 8, 16, 32, 64, 128, 256, 512, 1024, 2048]
[4, 4, 4, 4, 4, 4, 4, 4, 4, 550, 1000]
M = 262144
[2, 4, 8, 16, 32, 64, 128, 256, 512, 1024, 2048, 4096]
[4, 4, 4, 4, 4, 4, 4, 4, 4, 4, 369, 1000]
M = 524288
[2, 4, 8, 16, 32, 64, 128, 256, 512, 1024, 2048, 4096, 8192]
[4, 4, 4, 4, 4, 4, 4, 4, 4, 4, 4, 144, 1000]
M = 1048576
[2, 4, 8, 16, 32, 64, 128, 256, 512, 1024, 2048, 4096, 8192, 16384]
[4, 4, 4, 4, 4, 4, 4, 4, 4, 4, 4, 4, 43, 984]

M = 1024
[2, 4, 8, 16]
[731, 924, 1000, 1000]
M = 2048
[2, 4, 8, 16, 32]
[372, 547, 834, 1000, 1000]
M = 4096
[2, 4, 8, 16, 32, 64]
[135, 163, 265, 714, 987, 1000]
M = 8192
[2, 4, 8, 16, 32, 64, 128]
[52, 17, 27, 71, 552, 993, 1000]
M = 16384
[2, 4, 8, 16, 32, 64, 128, 256]
[17, 7, 4, 4, 9, 239, 916, 1000]
M = 32768
[2, 4, 8, 16, 32, 64, 128, 256, 512]
[9, 4, 4, 4, 4, 4, 56, 840, 1000]
M = 65536
[2, 4, 8, 16, 32, 64, 128, 256, 512, 1024]
[4, 4, 4, 4, 4, 4, 4, 10, 813, 1000]
M = 131072
[2, 4, 8, 16, 32, 64, 128, 256, 512, 1024, 2048]
[4, 4, 4, 4, 4, 4, 4, 4, 4, 624, 1000]
M = 262144
[2, 4, 8, 16, 32, 64, 128, 256, 512, 1024, 2048, 4096]
[4, 4, 4, 4, 4, 4, 4, 4, 4, 4, 445, 1000]
M = 524288
[2, 4, 8, 16, 32, 64, 128, 256, 512, 1024, 2048, 4096, 8192]
[4, 4, 4, 4, 4, 4, 4, 4, 4, 4, 4, 155, 1000]
M = 1048576
[2, 4, 8, 16, 32, 64, 128, 256, 512, 1024, 2048, 4096, 8192, 16384]
[4, 4, 4, 4, 4, 4, 4, 4, 4, 4, 4, 4, 16, 962]

M = 1024
[2, 4, 8, 16]
[699, 912, 1000, 1000]
M = 2048
[2, 4, 8, 16, 32]
[350, 545, 849, 995, 1000]
M = 4096
[2, 4, 8, 16, 32, 64]
[143, 129, 250, 635, 980, 1000]
M = 8192
[2, 4, 8, 16, 32, 64, 128]
[59, 23, 24, 98, 484, 986, 1000]
M = 16384
[2, 4, 8, 16, 32, 64, 128, 256]
[19, 5, 4, 4, 11, 243, 946, 1000]
M = 32768
[2, 4, 8, 16, 32, 64, 128, 256, 512]
[9, 4, 4, 4, 4, 4, 71, 929, 1000]
M = 65536
[2, 4, 8, 16, 32, 64, 128, 256, 512, 1024]
[5, 4, 4, 4, 4, 4, 4, 6, 762, 1000]
M = 131072
[2, 4, 8, 16, 32, 64, 128, 256, 512, 1024, 2048]
[4, 4, 4, 4, 4, 4, 4, 4, 4, 592, 1000]
M = 262144
[2, 4, 8, 16, 32, 64, 128, 256, 512, 1024, 2048, 4096]
[4, 4, 4, 4, 4, 4, 4, 4, 4, 4, 453, 1000]
M = 524288
[2, 4, 8, 16, 32, 64, 128, 256, 512, 1024, 2048, 4096, 8192]
[4, 4, 4, 4, 4, 4, 4, 4, 4, 4, 4, 178, 1000]
M = 1048576
[2, 4, 8, 16, 32, 64, 128, 256, 512, 1024, 2048, 4096, 8192, 16384]
[4, 4, 4, 4, 4, 4, 4, 4, 4, 4, 4, 4, 18, 1000]

